##FastQC	0.11.5
>>Basic Statistics	pass
#Measure	Value
Filename	NA12878-20k_R2.trim.100.fastq.gz
File type	Conventional base calls
Encoding	Sanger / Illumina 1.9
Total Sequences	20000
Sequences flagged as poor quality	0
Sequence length	100
%GC	40
>>END_MODULE
>>Per base sequence quality	pass
#Base	Mean	Median	Lower Quartile	Upper Quartile	10th Percentile	90th Percentile
1	27.61055	29.0	29.0	29.0	28.0	29.0
2	27.97355	29.0	29.0	30.0	27.0	30.0
3	26.51695	28.0	27.0	28.0	26.0	29.0
4	28.66035	30.0	29.0	31.0	25.0	32.0
5	29.72595	31.0	31.0	32.0	28.0	32.0
6	30.2757	32.0	31.0	33.0	27.0	33.0
7	31.2389	33.0	32.0	34.0	28.0	34.0
8	30.87015	33.0	32.0	34.0	28.0	34.0
9	31.0493	33.0	32.0	34.0	28.0	34.0
10-11	30.6764	33.0	31.0	33.0	28.0	34.0
12-13	30.640050000000002	32.5	32.0	33.5	28.0	34.0
14-15	30.1732	32.0	31.0	33.0	27.5	33.0
16-17	30.0948	32.0	31.0	33.0	27.5	33.0
18-19	30.0888	32.0	31.0	33.0	28.0	33.0
20-21	30.084049999999998	32.0	31.0	33.0	27.5	33.0
22-23	30.1267	32.0	31.0	33.0	27.0	33.0
24-25	30.153750000000002	32.0	31.0	33.0	27.0	33.0
26-27	30.189799999999998	32.0	31.0	33.0	27.0	33.5
28-29	30.203175	32.5	31.0	33.0	27.0	34.0
30-31	30.222675	33.0	31.0	33.0	27.0	34.0
32-33	29.885150000000003	32.0	31.0	33.0	25.5	34.0
34-35	30.0742	32.0	31.0	33.0	26.5	34.0
36-37	30.096249999999998	33.0	31.0	33.0	26.5	34.0
38-39	29.910674999999998	32.5	31.0	33.0	25.5	34.0
40-41	30.089425	33.0	32.0	33.0	26.0	34.0
42-43	30.09975	33.0	32.0	34.0	26.0	34.0
44-45	30.039375	33.0	32.0	34.0	25.0	34.0
46-47	29.9702	33.0	32.0	34.0	24.5	34.0
48-49	30.072875000000003	33.0	32.0	34.0	25.5	34.0
50-51	30.027700000000003	33.0	32.0	34.0	25.0	34.0
52-53	29.993524999999998	33.0	32.0	34.0	24.0	34.0
54-55	29.967275	33.0	32.0	34.0	23.5	34.0
56-57	29.954050000000002	33.0	32.0	34.0	22.5	34.0
58-59	29.967100000000002	33.0	32.0	34.0	21.0	34.0
60-61	30.000775	33.0	32.0	34.0	20.0	34.0
62-63	30.003125	33.0	32.0	34.0	19.5	34.5
64-65	29.9809	33.0	32.0	34.0	16.0	35.0
66-67	30.024425	33.5	32.0	34.0	12.0	35.0
68-69	29.932450000000003	33.5	32.0	34.0	9.5	35.0
70-71	30.04175	34.0	32.0	34.5	6.5	35.0
72-73	30.029275	34.0	32.0	35.0	2.0	35.0
74-75	29.467775	33.5	31.5	34.5	2.0	35.5
76-77	29.86175	34.0	31.5	35.0	2.0	36.0
78-79	30.24255	34.0	32.5	35.0	2.0	36.0
80-81	30.185850000000002	34.0	32.0	35.5	2.0	36.0
82-83	30.544075	35.0	32.5	36.0	2.0	36.5
84-85	30.592950000000002	35.0	32.0	36.0	2.0	37.0
86-87	30.5839	35.0	32.0	36.0	2.0	37.0
88-89	30.551099999999998	35.0	32.0	36.0	2.0	37.0
90-91	30.178375000000003	35.0	31.5	36.5	2.0	37.0
92-93	30.480175	36.0	32.0	37.0	2.0	37.0
94-95	30.511125	36.0	32.0	37.0	2.0	37.0
96-97	30.377850000000002	36.0	32.0	37.0	2.0	37.5
98-99	30.300024999999998	36.0	31.5	37.0	2.0	38.0
100	30.35405	36.0	32.0	37.0	2.0	38.0
>>END_MODULE
>>Per tile sequence quality	pass
#Tile	Base	Mean
1101	1	0.0
1101	2	0.0
1101	3	0.0
1101	4	0.0
1101	5	0.0
1101	6	0.0
1101	7	0.0
1101	8	0.0
1101	9	0.0
1101	10-11	0.0
1101	12-13	0.0
1101	14-15	0.0
1101	16-17	0.0
1101	18-19	0.0
1101	20-21	0.0
1101	22-23	0.0
1101	24-25	0.0
1101	26-27	0.0
1101	28-29	0.0
1101	30-31	0.0
1101	32-33	0.0
1101	34-35	0.0
1101	36-37	0.0
1101	38-39	0.0
1101	40-41	0.0
1101	42-43	0.0
1101	44-45	0.0
1101	46-47	0.0
1101	48-49	0.0
1101	50-51	0.0
1101	52-53	0.0
1101	54-55	0.0
1101	56-57	0.0
1101	58-59	0.0
1101	60-61	0.0
1101	62-63	0.0
1101	64-65	0.0
1101	66-67	0.0
1101	68-69	0.0
1101	70-71	0.0
1101	72-73	0.0
1101	74-75	0.0
1101	76-77	0.0
1101	78-79	0.0
1101	80-81	0.0
1101	82-83	0.0
1101	84-85	0.0
1101	86-87	0.0
1101	88-89	0.0
1101	90-91	0.0
1101	92-93	0.0
1101	94-95	0.0
1101	96-97	0.0
1101	98-99	0.0
1101	100	0.0
>>END_MODULE
>>Per sequence quality scores	pass
#Quality	Count
2	790.0
3	93.0
4	73.0
5	59.0
6	69.0
7	60.0
8	66.0
9	56.0
10	59.0
11	68.0
12	73.0
13	67.0
14	70.0
15	64.0
16	74.0
17	72.0
18	83.0
19	65.0
20	59.0
21	76.0
22	70.0
23	81.0
24	93.0
25	113.0
26	135.0
27	209.0
28	286.0
29	381.0
30	624.0
31	1049.0
32	2808.0
33	12055.0
>>END_MODULE
>>Per base sequence content	pass
#Base	G	A	T	C
1	18.910673201960588	27.093127938381517	30.56416925077523	23.432029608882665
2	19.88295318127251	31.717687074829932	24.90996398559424	23.48939575830332
3	17.917166866746697	31.447579031612644	30.322128851540615	20.31312525010004
4	20.50115034510353	29.523857157147145	29.928978693608084	20.046013804141243
5	21.084488019608823	31.734280426191784	29.048071632234507	18.133159921964882
6	21.466439931979593	32.11463439031709	28.07342202660798	18.345503651095328
7	20.097058234940963	31.443866319791873	30.278166900140086	18.180908545127075
8	19.084542271135568	30.105052526263133	31.960980490245124	18.84942471235618
9	20.473189275710286	28.9015606242497	31.017406962785117	19.607843137254903
10-11	20.28561424569828	29.869447779111646	29.7594037615046	20.085534213685474
12-13	20.881374584198284	29.86269164394868	29.635094915339018	19.62083885651402
14-15	19.988996423837747	29.789681646535126	29.897216595393505	20.324105334233625
16-17	20.413165266106443	29.52430972388956	30.457182873149257	19.60534213685474
18-19	20.505765526901623	29.67808099252107	29.83316241026539	19.982991070311915
20-21	21.011303391017304	29.36630989296789	29.423827148144444	20.19855956787036
22-23	20.2720612137731	29.43162211497587	29.924232952414293	20.372083718836738
24-25	20.362126744360527	29.475316360726257	30.035512429350277	20.127044465562946
26-27	20.316094828448534	29.851455436630992	29.338801640492147	20.49364809442833
28-29	20.635674810572908	29.745680062017055	29.410587911675712	20.208057215734325
30-31	20.95431015079901	29.79718408482757	29.18948658313952	20.0590191812339
32-33	20.115546218487395	29.93447378951581	29.509303721488596	20.440676270508202
34-35	20.475690276110445	29.64185674269708	29.574329731892757	20.30812324929972
36-37	20.638771477878098	29.590075782207435	29.86269164394868	19.908461095965784
38-39	20.573229291716686	29.446778711484594	29.38675470188075	20.59323729491797
40-41	20.779253257308625	29.35704103833746	29.362042663865758	20.501663040488157
42-43	20.97100978013457	29.4554641186623	29.2203406788564	20.35318542234673
44-45	20.882529517710626	29.17250350210126	29.437662597558536	20.507304382629577
46-47	20.544244910209596	29.46325846630984	29.533289980491222	20.459206642989344
48-49	20.4106129185526	29.453099602390658	29.395583785541024	20.740703693515716
50-51	20.86084433773509	29.60434173669468	29.449279711884753	20.085534213685474
52-53	20.511153346003802	29.441332399719915	29.383815144543362	20.66369910973292
54-55	20.19413589512659	29.73331331932353	29.31051736215351	20.762033423396378
56-57	20.37861358407522	29.526357907372216	30.11153346003801	19.983495048514555
58-59	20.4001500562711	29.703638864574216	29.536076028510692	20.36013505064399
60-61	20.90638521371583	29.80766825901008	28.804742015356528	20.481204511917564
62-63	20.14158140931035	30.28991670210371	29.28683993296145	20.281661955624482
64-65	20.714928957374422	30.125575345207125	29.054932959775865	20.10456273764259
66-67	20.721216364909473	29.87896368910673	29.478843653095925	19.920976292887865
68-69	20.344197913800436	30.0522800610351	29.141756509993243	20.461765515171223
70-71	20.592722270851567	29.68363136176066	29.013380017506563	20.710266349881206
72-73	20.83948270255397	29.541986642319333	29.08172199014433	20.536808664982363
74-75	20.732774790546454	29.73865199449794	29.08340627735401	20.4451669376016
76-77	20.526289459202562	29.951473310320676	29.078493171244187	20.44374405923258
78-79	20.579260667300286	29.503276474413486	29.413235956180284	20.50422690210595
80-81	20.73985142942898	29.463995397813964	29.221380155573897	20.574773017183162
82-83	20.932035920654375	29.617029792130474	29.084223428471372	20.36671085874378
84-85	20.701385762169195	29.56376006803742	29.13352343789084	20.601330731902546
86-87	20.80176057218596	29.742166204016307	28.986920749243506	20.46915247455423
88-89	20.88283106164812	29.688633237464053	29.118419407277727	20.310116293610104
90-91	20.77684958231204	29.3432044419989	29.05307388324746	20.826872092441597
92-93	20.862409644581177	29.441484705234988	28.56106650659063	21.135039143593207
94-95	20.748486516235552	28.93130534847651	29.426627307750035	20.8935808275379
96-97	20.674989367291285	29.46636311325711	28.87843686672838	20.980210652723226
98-99	20.629877926756055	30.02801681008605	29.007404442665603	20.334700820492298
100	20.949664765335736	29.56569598719103	28.519963974782346	20.964675272690883
>>END_MODULE
>>Per sequence GC content	warn
#GC Content	Count
0	7.0
1	4.5
2	1.5
3	2.0
4	2.0
5	1.0
6	1.5
7	4.5
8	6.0
9	5.0
10	4.5
11	3.0
12	4.5
13	9.0
14	9.0
15	8.0
16	13.0
17	19.0
18	29.5
19	46.0
20	58.0
21	74.5
22	109.5
23	149.0
24	195.0
25	241.5
26	299.0
27	369.0
28	411.5
29	445.0
30	507.0
31	565.0
32	601.0
33	631.5
34	677.5
35	751.0
36	760.5
37	763.5
38	817.5
39	815.5
40	768.0
41	726.5
42	692.0
43	661.0
44	618.5
45	581.0
46	531.5
47	506.5
48	501.5
49	488.0
50	489.0
51	449.0
52	418.5
53	378.5
54	337.5
55	308.5
56	267.5
57	254.0
58	245.0
59	221.5
60	190.5
61	163.5
62	132.5
63	110.0
64	90.0
65	70.5
66	59.5
67	46.0
68	34.5
69	34.0
70	34.5
71	22.0
72	16.5
73	20.5
74	16.0
75	10.5
76	8.0
77	8.5
78	8.5
79	6.5
80	6.5
81	8.5
82	5.5
83	2.5
84	3.0
85	4.5
86	4.5
87	1.5
88	2.5
89	3.0
90	2.0
91	2.0
92	1.5
93	1.5
94	2.0
95	1.5
96	0.5
97	0.5
98	0.5
99	0.5
100	0.5
>>END_MODULE
>>Per base N content	pass
#Base	N-Count
1	0.03
2	0.04
3	0.04
4	0.03
5	0.045
6	0.03
7	0.06
8	0.05
9	0.04
10-11	0.04
12-13	0.042499999999999996
14-15	0.0325
16-17	0.04
18-19	0.0525
20-21	0.03
22-23	0.0225
24-25	0.034999999999999996
26-27	0.03
28-29	0.0275
30-31	0.0325
32-33	0.04
34-35	0.04
36-37	0.042499999999999996
38-39	0.04
40-41	0.0325
42-43	0.0525
44-45	0.06
46-47	0.045
48-49	0.0275
50-51	0.04
52-53	0.03
54-55	0.06999999999999999
56-57	0.03
58-59	0.0375
60-61	0.042499999999999996
62-63	0.057499999999999996
64-65	0.06
66-67	0.03
68-69	0.057499999999999996
70-71	0.0375
72-73	0.057499999999999996
74-75	0.0375
76-77	0.055
78-79	0.045
80-81	0.0475
82-83	0.057499999999999996
84-85	0.055
86-87	0.0325
88-89	0.0375
90-91	0.045
92-93	0.0475
94-95	0.065
96-97	0.0725
98-99	0.06
100	0.06999999999999999
>>END_MODULE
>>Sequence Length Distribution	pass
#Length	Count
100	20000.0
>>END_MODULE
>>Sequence Duplication Levels	pass
#Total Deduplicated Percentage	99.97
#Duplication Level	Percentage of deduplicated	Percentage of total
1	99.96999099729919	99.94
2	0.030009002700810243	0.06
3	0.0	0.0
4	0.0	0.0
5	0.0	0.0
6	0.0	0.0
7	0.0	0.0
8	0.0	0.0
9	0.0	0.0
>10	0.0	0.0
>50	0.0	0.0
>100	0.0	0.0
>500	0.0	0.0
>1k	0.0	0.0
>5k	0.0	0.0
>10k+	0.0	0.0
>>END_MODULE
>>Overrepresented sequences	pass
>>END_MODULE
>>Adapter Content	pass
#Position	Illumina Universal Adapter	Illumina Small RNA 3' Adapter	Illumina Small RNA 5' Adapter	Nextera Transposase Sequence	SOLID Small RNA Adapter
1	0.0	0.0	0.0	0.0	0.0
2	0.0	0.0	0.0	0.0	0.0
3	0.0	0.0	0.0	0.0	0.0
4	0.0	0.0	0.0	0.0	0.0
5	0.0	0.0	0.0	0.0	0.0
6	0.0	0.0	0.0	0.0	0.0
7	0.0	0.0	0.0	0.0	0.0
8	0.0	0.0	0.0	0.0	0.0
9	0.0	0.0	0.0	0.0	0.0
10-11	0.0	0.0	0.0	0.0	0.0
12-13	0.0	0.0	0.0	0.0	0.0
14-15	0.0	0.0	0.0	0.0	0.0
16-17	0.0	0.0	0.0	0.0	0.0
18-19	0.0	0.0	0.0	0.0	0.0
20-21	0.0	0.0	0.0	0.0	0.0
22-23	0.0	0.0	0.0	0.0	0.0
24-25	0.0	0.0	0.0	0.0	0.0
26-27	0.0	0.0	0.0	0.0	0.0
28-29	0.0	0.0	0.0	0.0	0.0
30-31	0.0	0.0	0.0	0.0	0.0
32-33	0.0	0.0	0.0	0.0	0.0
34-35	0.0	0.0	0.0	0.0	0.0
36-37	0.0	0.0	0.0	0.0	0.0
38-39	0.0	0.0	0.0	0.0	0.0
40-41	0.0	0.0	0.0	0.0	0.0
42-43	0.0	0.0	0.0	0.0	0.0
44-45	0.0	0.0	0.0	0.0	0.0
46-47	0.0	0.0	0.0	0.0	0.0
48-49	0.0	0.0	0.0	0.0	0.0
50-51	0.0	0.0	0.0	0.0	0.0
52-53	0.0	0.0	0.0	0.0	0.0
54-55	0.0	0.0	0.0	0.0	0.0
56-57	0.0	0.0	0.0	0.0	0.0
58-59	0.0	0.0	0.0	0.0	0.0
60-61	0.0	0.0	0.0	0.0	0.0
62-63	0.0025	0.0	0.0	0.0	0.0
64-65	0.005	0.0	0.0	0.0	0.0
66-67	0.005	0.0	0.0	0.0	0.0
68-69	0.005	0.0	0.0	0.0	0.0
70-71	0.005	0.0	0.0	0.0	0.0
72-73	0.005	0.0	0.0	0.0	0.0
74-75	0.01	0.0	0.0	0.0	0.0
76-77	0.01	0.0	0.0	0.0	0.0
78-79	0.0125	0.0	0.0	0.0	0.0
80-81	0.015	0.0	0.0	0.0	0.0
82-83	0.015	0.0	0.0	0.0	0.0
84-85	0.0175	0.0	0.0	0.0	0.0
86-87	0.02	0.0	0.0	0.0	0.0
88	0.02	0.0	0.0	0.0	0.0
>>END_MODULE
>>Kmer Content	pass
>>END_MODULE
