##FastQC	0.11.5
>>Basic Statistics	pass
#Measure	Value
Filename	NA12878-20k_R1.trim.q30.fastq.gz
File type	Conventional base calls
Encoding	Sanger / Illumina 1.9
Total Sequences	20000
Sequences flagged as poor quality	0
Sequence length	0-250
%GC	40
>>END_MODULE
>>Per base sequence quality	pass
#Base	Mean	Median	Lower Quartile	Upper Quartile	10th Percentile	90th Percentile
1	30.920851747689834	31.0	31.0	31.0	31.0	31.0
2	31.2090201233694	31.0	31.0	32.0	30.0	32.0
3	29.02608562221881	29.0	29.0	30.0	28.0	30.0
4	30.95673150952112	31.0	30.0	32.0	29.0	32.0
5	31.70347732292362	32.0	31.0	33.0	30.0	33.0
6	32.61329770835474	33.0	32.0	34.0	30.0	34.0
7	32.96688946015424	33.0	32.0	34.0	30.0	35.0
8	32.58953649879109	33.0	32.0	34.0	30.0	34.0
9	32.7184715999794	33.0	32.0	34.0	31.0	34.0
10-14	32.00932242880016	32.8	31.8	32.8	30.8	33.8
15-19	31.07267078243057	31.4	30.8	32.0	30.0	32.4
20-24	31.524731689751086	32.0	31.0	32.8	30.0	33.0
25-29	31.82299241149833	32.0	31.2	33.0	30.8	33.0
30-34	31.99166354691573	32.0	31.8	33.0	31.0	33.0
35-39	32.11300947828447	32.2	32.0	33.0	31.0	33.0
40-44	32.24188251899598	33.0	32.0	33.0	31.0	33.4
45-49	32.37400932371264	33.0	32.0	33.0	31.0	34.0
50-54	32.52402845275181	33.0	32.0	34.0	31.0	34.0
55-59	32.54017753417221	33.0	32.0	34.0	31.0	34.0
60-64	32.68273090309486	33.0	32.0	34.0	31.0	34.0
65-69	32.902547311936715	33.0	32.0	34.0	31.2	34.4
70-74	33.30871845334264	33.6	33.0	34.2	32.0	35.0
75-79	33.74679289023412	34.0	33.0	35.0	32.0	35.6
80-84	34.18594184725047	34.6	33.8	35.4	32.0	36.0
85-89	34.616938196925275	35.0	34.2	36.0	32.0	36.4
90-94	34.99555684916183	35.4	35.0	36.2	32.0	37.0
95-99	35.07068468833498	35.6	35.0	36.4	32.0	37.0
100-104	35.027759831266266	35.4	34.8	36.2	32.4	37.0
105-109	35.0306771942057	35.0	35.0	36.0	32.0	37.0
110-114	35.09588987670553	35.6	35.0	36.0	32.0	37.0
115-119	35.12427537910234	35.6	35.0	36.0	32.0	37.0
120-124	35.07368908663759	35.2	35.0	36.0	32.0	37.0
125-129	35.07906814039883	35.4	35.0	36.0	32.0	37.0
130-134	35.04434857605396	35.0	35.0	36.0	32.0	37.0
135-139	34.96864463060968	35.0	35.0	36.0	32.0	37.0
140-144	34.992853741325504	35.0	35.0	36.0	32.0	37.0
145-149	34.93208839625876	35.0	35.0	36.0	32.0	37.0
150-154	34.89598067425936	35.0	35.0	36.0	32.0	37.0
155-159	34.78761555222401	35.0	34.8	36.0	32.0	37.0
160-164	34.86236935988608	35.0	35.0	36.0	32.0	37.0
165-169	34.8103637981155	35.0	35.0	36.0	32.0	37.0
170-174	34.65153608560684	35.0	34.2	36.0	31.8	37.0
175-179	34.81784888615835	35.0	35.0	36.0	32.0	37.0
180-184	34.71430222059218	35.0	34.2	36.0	32.0	37.0
185-189	34.723148549208645	35.0	34.0	36.0	32.0	37.0
190-194	34.52326570704933	35.0	34.0	36.0	32.0	37.0
195-199	34.281923682894856	35.0	34.0	36.0	32.0	36.0
200-204	33.92605321227521	35.0	33.2	35.0	31.0	36.0
205-209	33.56808303289297	34.4	32.8	35.0	30.8	36.0
210-214	33.580619061635375	34.2	33.0	35.0	31.0	36.0
215-219	33.4158611088903	34.0	32.6	35.0	30.8	36.0
220-224	33.14413327182555	34.0	32.0	35.0	30.8	35.0
225-229	33.013677223702224	34.0	32.0	34.2	30.0	35.0
230-234	32.81825822572717	33.6	32.0	34.0	30.0	35.0
235-239	32.26379116007202	32.6	31.4	33.4	30.0	34.0
240-244	31.07564212684552	31.2	30.6	31.8	30.0	32.4
245-249	27.17330858827509	30.0	30.0	30.5	29.5	30.5
250	31.0	NaN	NaN	NaN	NaN	NaN
>>END_MODULE
>>Per tile sequence quality	pass
#Tile	Base	Mean
1101	1	0.0
1101	2	0.0
1101	3	0.0
1101	4	0.0
1101	5	0.0
1101	6	0.0
1101	7	0.0
1101	8	0.0
1101	9	0.0
1101	10-14	0.0
1101	15-19	0.0
1101	20-24	0.0
1101	25-29	0.0
1101	30-34	0.0
1101	35-39	0.0
1101	40-44	0.0
1101	45-49	0.0
1101	50-54	0.0
1101	55-59	0.0
1101	60-64	0.0
1101	65-69	0.0
1101	70-74	0.0
1101	75-79	0.0
1101	80-84	0.0
1101	85-89	0.0
1101	90-94	0.0
1101	95-99	0.0
1101	100-104	0.0
1101	105-109	0.0
1101	110-114	0.0
1101	115-119	0.0
1101	120-124	0.0
1101	125-129	0.0
1101	130-134	0.0
1101	135-139	0.0
1101	140-144	0.0
1101	145-149	0.0
1101	150-154	0.0
1101	155-159	0.0
1101	160-164	0.0
1101	165-169	0.0
1101	170-174	0.0
1101	175-179	0.0
1101	180-184	0.0
1101	185-189	0.0
1101	190-194	0.0
1101	195-199	0.0
1101	200-204	0.0
1101	205-209	0.0
1101	210-214	0.0
1101	215-219	0.0
1101	220-224	0.0
1101	225-229	0.0
1101	230-234	0.0
1101	235-239	0.0
1101	240-244	0.0
1101	245-249	0.0
1101	250	0.0
>>END_MODULE
>>Per sequence quality scores	pass
#Quality	Count
29	2.0
30	932.0
31	1204.0
32	1824.0
33	7408.0
34	8542.0
>>END_MODULE
>>Per base sequence content	fail
#Base	G	A	T	C
1	19.323889893510145	26.64255575647981	29.807112718505124	24.226441631504922
2	19.688542825361512	30.680554151076954	26.17554858934169	23.455354434219842
3	17.830290010741138	30.38719247097335	31.425502531839804	20.357014986445705
4	20.884873992711594	29.538572088487395	30.11343222296361	19.463121695837398
5	21.413529200267092	31.742770558323492	28.70717550978479	18.136524731624633
6	21.102661596958175	31.553797143150756	28.383516596444352	18.960024663446717
7	19.593830334190233	31.732647814910024	30.05655526992288	18.61696658097686
8	18.524615463758423	30.624003292350427	31.47281238746849	19.378568856422657
9	19.65600700345023	29.646222771512438	31.361038158504556	19.33673206653278
10-14	20.026831785345717	29.805985552115583	30.19195046439628	19.975232198142415
15-19	19.630284420458423	29.980459663161813	30.392977885301324	19.99627803107844
20-24	19.944489322479754	29.8318109322894	30.01097785786781	20.212721887363035
25-29	20.132933771606922	29.464220906479742	30.098818942543993	20.30402637936934
30-34	20.23945504766256	29.840501754896053	29.537288945193247	20.382754252248137
35-39	20.041403990595676	29.85768678609325	29.806712023802096	20.29419719950898
40-44	20.250643812621856	29.155588919124625	30.103322802956846	20.490444465296676
45-49	20.144147908288502	29.391549590014098	30.421475949234868	20.042826552462525
50-54	20.36310364673259	29.53487155339298	29.54010359441218	20.561921205462248
55-59	20.117009341874876	29.493483753944872	30.019816098220748	20.369690805959507
60-64	20.51656254921518	29.42411675153551	29.506010814215973	20.553309885033336
65-69	20.354671098302372	29.833603298483286	29.676883269873993	20.134842333340345
70-74	20.486609782884177	29.45425361155698	29.75521669341894	20.3039199121399
75-79	20.136815130143802	29.83882923523307	29.65457356460597	20.369782070017155
80-84	20.189361408865846	29.52914108803291	29.822831514997294	20.458665988103945
85-89	20.027391152020893	29.699228164049646	29.891390897219477	20.381989786709983
90-94	20.267525811562304	29.347028613352897	29.832955862494288	20.552489712590514
95-99	20.071394320421973	29.76823485534658	29.712824338004157	20.44754648622729
100-104	20.09866208236789	29.598624710366995	29.936040489893546	20.36667271737157
105-109	20.19622738409852	29.54645153697185	29.866364229695176	20.390956849234456
110-114	20.211785385093567	29.76892242395661	29.62744635699128	20.391845833958545
115-119	20.12759650291066	29.81225699740081	29.47715507056473	20.582991429123794
120-124	20.242697016355667	29.536033077428314	29.810601574192713	20.410668332023302
125-129	20.161368717799164	29.763563505179135	29.717118693496648	20.357949083525053
130-134	20.364969043772433	29.303783057022347	30.037841413035228	20.293406486169992
135-139	20.279667011262852	29.70020131672017	29.651232384786987	20.36889928722999
140-144	20.04240854291679	29.713305133838304	29.905673782120644	20.338612541124263
145-149	20.173059395829444	29.62763679488728	29.93839700440335	20.260906804879923
150-154	20.09468526529531	29.996910037962394	29.830272799505607	20.07813189723669
155-159	19.997336056475604	29.83172756737557	30.021533543488875	20.14940283265995
160-164	20.183557942453913	29.86277815615824	29.83263177874792	20.121032122639928
165-169	19.901526563097192	29.85678634861395	30.01416398749972	20.227523100789135
170-174	19.988434849653043	29.736042450904804	29.85622930745159	20.419293391990568
175-179	20.097378105927262	30.204356870185382	29.628317370333967	20.069947653553385
180-184	20.23865852673368	29.81615907490969	29.517258889106877	20.427923509249748
185-189	19.8102085838012	30.134348044308005	29.71064396017415	20.344799411716643
190-194	19.86149748446286	29.91654335602249	29.69754365196804	20.52441550754661
195-199	19.779797105630077	29.924515601711622	29.887254194913215	20.408433097745085
200-204	19.72429849283176	30.143364783727485	29.666707511334394	20.46562921210636
205-209	19.552356908700403	29.80268033208988	29.989826293379558	20.65513646583016
210-214	19.28588025714507	30.214545736193944	29.832442619988125	20.667131386672864
215-219	19.242699753984382	30.039309017007167	29.916301208685418	20.80169002032303
220-224	19.304479198724227	30.029656156450212	30.225498699045968	20.440365945779593
225-229	18.73893179755049	30.32575859041326	30.269208446805663	20.66610116523059
230-234	18.286768668049184	31.087016867784655	30.10401528387845	20.522199180287714
235-239	17.34504997759289	31.206281783995482	30.091771720281358	21.356896518130274
240-244	16.286727456940223	30.537613981762917	30.98720871327254	22.188449848024316
245-249	18.27550669872896	34.66162830642391	29.749227069735483	17.313637925111646
250	0.0	0.0	100.0	0.0
>>END_MODULE
>>Per sequence GC content	warn
#GC Content	Count
0	158.0
1	157.5
2	158.33333333333334
3	155.16666666666666
4	150.33333333333334
5	151.16666666666669
6	153.16666666666666
7	156.66666666666669
8	157.5
9	157.33333333333331
10	161.66666666666669
11	163.33333333333334
12	163.16666666666669
13	162.66666666666666
14	162.5
15	164.16666666666666
16	165.66666666666669
17	180.0
18	198.66666666666666
19	207.1666666666667
20	215.3333333333334
21	231.1666666666669
22	241.3333333333336
23	258.50000000000045
24	283.0000000000003
25	321.9999999999997
26	364.9999999999989
27	407.8333333333314
28	462.49999999999676
29	491.1666666666625
30	520.3333333333294
31	560.9999999999975
32	585.1666666666656
33	616.5000000000008
34	636.6666666666689
35	675.000000000005
36	694.0000000000063
37	706.3333333333405
38	719.6666666666737
39	711.000000000007
40	708.3333333333403
41	684.1666666666714
42	646.8333333333367
43	611.0000000000014
44	598.8333333333336
45	593.1666666666665
46	606.3333333333342
47	588.833333333333
48	567.1666666666648
49	555.1666666666647
50	529.499999999997
51	515.6666666666637
52	491.99999999999704
53	475.3333333333304
54	463.66666666666424
55	419.8333333333319
56	405.99999999999915
57	398.83333333333246
58	375.99999999999955
59	366.8333333333328
60	362.4999999999996
61	353.99999999999966
62	340.6666666666664
63	330.1666666666665
64	316.9999999999999
65	309.6666666666666
66	301.49999999999994
67	293.9999999999999
68	291.49999999999994
69	282.8333333333333
70	278.3333333333333
71	275.16666666666674
72	270.33333333333337
73	266.33333333333337
74	264.33333333333337
75	204.16666666666666
76	148.16666666666666
77	146.16666666666666
78	142.66666666666666
79	139.33333333333331
80	136.83333333333331
81	137.83333333333331
82	138.5
83	126.5
84	114.83333333333333
85	114.33333333333333
86	113.0
87	113.0
88	109.0
89	105.0
90	105.0
91	105.5
92	105.0
93	104.0
94	103.0
95	102.0
96	102.5
97	102.5
98	102.0
99	102.0
100	102.0
>>END_MODULE
>>Per base N content	pass
#Base	N-Count
1	0.020088388911209322
2	0.0
3	0.0
4	0.0
5	0.0
6	0.0
7	0.0
8	0.0
9	0.0
10-14	0.0
15-19	0.0
20-24	0.0
25-29	0.0
30-34	0.0
35-39	0.0
40-44	0.0
45-49	0.0
50-54	0.0
55-59	0.0
60-64	0.0
65-69	0.0
70-74	0.0
75-79	0.0
80-84	0.0
85-89	0.0
90-94	0.0
95-99	0.0
100-104	0.0
105-109	0.0
110-114	0.0
115-119	0.0
120-124	0.0
125-129	0.0
130-134	0.0
135-139	0.0
140-144	0.0
145-149	0.0
150-154	0.0
155-159	0.0
160-164	0.0022330151286774967
165-169	0.0011241133555907777
170-174	0.0
175-179	0.0
180-184	0.0011540414531689977
185-189	0.0011672152578378506
190-194	0.0011837681708414226
195-199	0.0
200-204	0.0
205-209	0.0
210-214	0.0
215-219	0.0
220-224	0.0
225-229	0.0
230-234	0.0
235-239	0.0
240-244	0.0
245-249	0.0
250	0.0
>>END_MODULE
>>Sequence Length Distribution	fail
#Length	Count
0-4	531.0
5-9	68.0
10-14	42.0
15-19	37.0
20-24	21.0
25-29	29.0
30-34	30.0
35-39	41.0
40-44	39.0
45-49	29.0
50-54	44.0
55-59	28.0
60-64	31.0
65-69	49.0
70-74	85.0
75-79	23.0
80-84	24.0
85-89	27.0
90-94	39.0
95-99	36.0
100-104	38.0
105-109	39.0
110-114	27.0
115-119	48.0
120-124	53.0
125-129	70.0
130-134	65.0
135-139	78.0
140-144	79.0
145-149	92.0
150-154	103.0
155-159	97.0
160-164	108.0
165-169	148.0
170-174	157.0
175-179	142.0
180-184	184.0
185-189	213.0
190-194	269.0
195-199	274.0
200-204	387.0
205-209	393.0
210-214	466.0
215-219	650.0
220-224	740.0
225-229	1068.0
230-234	1516.0
235-239	2818.0
240-244	6203.0
245-249	2155.0
250-251	67.0
>>END_MODULE
>>Sequence Duplication Levels	pass
#Total Deduplicated Percentage	97.205
#Duplication Level	Percentage of deduplicated	Percentage of total
1	99.7170927421429	96.93
2	0.09773159816881848	0.19
3	0.03086260994804794	0.09
4	0.010287536649349314	0.04
5	0.01543130497402397	0.075
6	0.01543130497402397	0.09
7	0.0	0.0
8	0.005143768324674657	0.04
9	0.010287536649349314	0.09
>10	0.08744406151946917	1.71
>50	0.010287536649349314	0.745
>100	0.0	0.0
>500	0.0	0.0
>1k	0.0	0.0
>5k	0.0	0.0
>10k+	0.0	0.0
>>END_MODULE
>>Overrepresented sequences	warn
#Sequence	Count	Percentage	Possible Source
	88	0.44	No Hit
G	61	0.305	No Hit
A	32	0.16	No Hit
CA	32	0.16	No Hit
TT	32	0.16	No Hit
AT	22	0.11	No Hit
GA	22	0.11	No Hit
T	21	0.105	No Hit
>>END_MODULE
>>Adapter Content	warn
#Position	Illumina Universal Adapter	Illumina Small RNA 3' Adapter	Illumina Small RNA 5' Adapter	Nextera Transposase Sequence	SOLID Small RNA Adapter
1	0.0	0.0	0.0	0.0	0.0
2	0.0	0.0	0.0	0.0	0.0
3	0.0	0.0	0.0	0.0	0.0
4	0.0	0.0	0.0	0.0	0.0
5	0.0	0.0	0.0	0.0	0.0
6	0.0	0.0	0.0	0.0	0.0
7	0.0	0.0	0.0	0.0	0.0
8	0.0	0.0	0.0	0.0	0.0
9	0.0	0.0	0.0	0.0	0.0
10-14	0.0	0.0	0.0	0.0	0.0
15-19	0.0	0.0	0.0	0.0	0.0
20-24	0.0	0.0	0.0	0.0	0.0
25-29	0.0	0.0	0.0	0.0	0.0
30-34	0.0	0.0	0.0	0.0	0.0
35-39	0.0	0.0	0.0	0.0	0.0
40-44	0.0	0.0	0.0	0.0	0.0
45-49	0.0	0.0	0.0	0.0	0.0
50-54	0.0	0.0	0.0	0.0	0.0
55-59	0.0	0.0	0.0	0.0	0.0
60-64	0.0	0.0	0.0	0.0	0.0
65-69	0.0	0.0	0.0	0.0	0.0
70-74	0.001	0.0	0.0	0.0	0.0
75-79	0.005	0.0	0.0	0.0	0.0
80-84	0.005	0.0	0.0	0.0	0.0
85-89	0.01	0.0	0.0	0.0	0.0
90-94	0.017	0.0	0.0	0.0	0.0
95-99	0.041	0.0	0.0	0.0	0.0
100-104	0.065	0.0	0.0	0.0	0.0
105-109	0.088	0.0	0.0	0.0	0.0
110-114	0.11600000000000002	0.0	0.0	0.0	0.0
115-119	0.161	0.0	0.0	0.0	0.0
120-124	0.18999999999999997	0.0	0.0	0.0	0.0
125-129	0.24900000000000003	0.0	0.0	0.0	0.0
130-134	0.301	0.0	0.0	0.0	0.0
135-139	0.381	0.0	0.0	0.0	0.0
140-144	0.48599999999999993	0.0	0.0	0.0	0.0
145-149	0.624	0.0	0.0	0.0	0.0
150-154	0.74	0.0	0.0	0.0	0.0
155-159	0.937	0.0	0.0	0.0	0.0
160-164	1.1270000000000002	0.0	0.0	0.0	0.0
165-169	1.3780000000000001	0.0	0.0	0.0	0.0
170-174	1.643	0.0	0.0	0.0	0.0
175-179	1.895	0.0	0.0	0.0	0.0
180-184	2.178	0.0	0.0	0.0	0.0
185-189	2.504	0.0	0.0	0.0	0.0
190-194	2.855	0.0	0.0	0.0	0.0
195-199	3.276	0.0	0.0	0.0	0.0
200-204	3.646	0.0	0.0	0.0	0.0
205-209	4.035	0.0	0.0	0.0	0.0
210-214	4.377	0.0	0.0	0.0	0.0
215-219	4.7219999999999995	0.0	0.0	0.0	0.0
220-224	5.011	0.0	0.0	0.0	0.0
225-229	5.262	0.0	0.0	0.0	0.0
230-234	5.3809999999999985	0.0	0.0	0.0	0.0
235-238	5.385	0.0	0.0	0.0	0.0
>>END_MODULE
>>Kmer Content	warn
#Sequence	Count	PValue	Obs/Exp Max	Max Obs/Exp Position
GCACACT	20	0.0010350967	2631.2812	240-244
ATAAGCA	35	0.0031695322	1503.5892	240-244
ATGTGCT	40	0.0041396003	1315.6406	240-244
GCATTTA	40	0.0041396003	1315.6406	240-244
ATGCACT	40	0.0041396003	1315.6406	240-244
CAGCCCA	50	0.0064675105	1052.5126	240-244
AACTACT	55	0.007825316	956.8296	240-244
CTATGGC	15	0.0073062615	143.19897	3
TAACTGT	35	7.3893747E-4	92.05649	2
ACATTAA	40	0.0012687795	80.34446	235-239
CACATCA	135	0.003813942	31.741024	235-239
CAGTCAC	95	0.0020331643	22.867035	230-234
GAACTCC	150	0.00727305	19.905674	235-239
CCAGTCA	110	0.00475846	19.748804	230-234
AGTCACA	125	0.0099507915	17.378948	230-234
>>END_MODULE
