##FastQC	0.11.5
>>Basic Statistics	pass
#Measure	Value
Filename	NA12878-20k_R2.fastq.gz
File type	Conventional base calls
Encoding	Sanger / Illumina 1.9
Total Sequences	20000
Sequences flagged as poor quality	0
Sequence length	250
%GC	41
>>END_MODULE
>>Per base sequence quality	fail
#Base	Mean	Median	Lower Quartile	Upper Quartile	10th Percentile	90th Percentile
1	27.61055	29.0	29.0	29.0	28.0	29.0
2	27.97355	29.0	29.0	30.0	27.0	30.0
3	26.51695	28.0	27.0	28.0	26.0	29.0
4	28.66035	30.0	29.0	31.0	25.0	32.0
5	29.72595	31.0	31.0	32.0	28.0	32.0
6	30.2757	32.0	31.0	33.0	27.0	33.0
7	31.2389	33.0	32.0	34.0	28.0	34.0
8	30.87015	33.0	32.0	34.0	28.0	34.0
9	31.0493	33.0	32.0	34.0	28.0	34.0
10-14	30.57751	32.6	31.4	33.2	27.8	33.8
15-19	30.091790000000003	32.0	31.0	33.0	27.8	33.0
20-24	30.10975	32.0	31.0	33.0	27.2	33.0
25-29	30.193240000000003	32.2	31.0	33.0	27.0	33.6
30-34	30.06039	32.4	31.0	33.0	26.4	34.0
35-39	30.015189999999997	32.6	31.0	33.0	26.0	34.0
40-44	30.08637	33.0	32.0	33.6	25.8	34.0
45-49	30.022280000000002	33.0	32.0	34.0	25.0	34.0
50-54	29.997770000000003	33.0	32.0	34.0	24.2	34.0
55-59	29.96609	33.0	32.0	34.0	22.2	34.0
60-64	29.98686	33.0	32.0	34.0	19.2	34.4
65-69	29.98981	33.4	32.0	34.0	11.6	35.0
70-74	30.07394	34.0	32.2	34.8	3.8	35.2
75-79	29.783299999999997	33.8	31.6	34.8	2.0	35.8
80-84	30.407909999999998	34.6	32.2	35.8	2.0	36.4
85-89	30.57524	35.0	32.0	36.0	2.0	37.0
90-94	30.364539999999998	35.6	31.8	36.8	2.0	37.0
95-99	30.374479999999995	36.0	31.8	37.0	2.0	37.6
100-104	30.24248	35.8	32.0	36.8	2.0	37.8
105-109	30.141469999999998	36.0	31.6	37.0	2.0	37.2
110-114	29.93709	36.0	31.4	37.0	2.0	37.4
115-119	29.42602	35.6	30.4	37.0	2.0	37.4
120-124	29.03674	35.6	29.8	36.8	2.0	37.2
125-129	28.776819999999997	35.0	29.8	36.8	2.0	37.0
130-134	28.087710000000005	35.0	28.2	36.0	2.0	37.0
135-139	27.5757	34.4	26.4	36.0	2.0	37.0
140-144	26.804489999999998	33.6	23.8	36.0	2.0	37.0
145-149	25.71925	32.6	17.0	35.8	2.0	36.8
150-154	24.56089	32.0	5.0	35.0	2.0	36.0
155-159	23.51908	31.6	2.0	34.4	2.0	35.6
160-164	21.551309999999997	29.6	2.0	32.8	2.0	34.0
165-169	19.504039999999996	28.4	2.0	31.4	2.0	32.6
170-174	14.24126	13.8	2.0	27.6	2.0	31.0
175-179	14.024840000000001	3.4	2.0	27.8	2.0	29.6
180-184	12.405100000000001	2.0	2.0	26.2	2.0	27.4
185-189	10.27166	2.0	2.0	23.8	2.0	25.6
190-194	8.128739999999999	2.0	2.0	19.8	2.0	23.8
195-199	6.16253	2.0	2.0	3.4	2.0	22.2
200-204	4.80194	2.0	2.0	2.0	2.0	20.4
205-209	3.69864	2.0	2.0	2.0	2.0	2.0
210-214	2.61042	2.0	2.0	2.0	2.0	2.0
215-219	2.16145	2.0	2.0	2.0	2.0	2.0
220-224	2.03126	2.0	2.0	2.0	2.0	2.0
225-229	2.00163	2.0	2.0	2.0	2.0	2.0
230-234	2.0	2.0	2.0	2.0	2.0	2.0
235-239	2.0	2.0	2.0	2.0	2.0	2.0
240-244	2.0	2.0	2.0	2.0	2.0	2.0
245-249	2.0	2.0	2.0	2.0	2.0	2.0
250	2.0	2.0	2.0	2.0	2.0	2.0
>>END_MODULE
>>Per tile sequence quality	pass
#Tile	Base	Mean
1101	1	0.0
1101	2	0.0
1101	3	0.0
1101	4	0.0
1101	5	0.0
1101	6	0.0
1101	7	0.0
1101	8	0.0
1101	9	0.0
1101	10-14	0.0
1101	15-19	0.0
1101	20-24	0.0
1101	25-29	0.0
1101	30-34	0.0
1101	35-39	0.0
1101	40-44	0.0
1101	45-49	0.0
1101	50-54	0.0
1101	55-59	0.0
1101	60-64	0.0
1101	65-69	0.0
1101	70-74	0.0
1101	75-79	0.0
1101	80-84	0.0
1101	85-89	0.0
1101	90-94	0.0
1101	95-99	0.0
1101	100-104	0.0
1101	105-109	0.0
1101	110-114	0.0
1101	115-119	0.0
1101	120-124	0.0
1101	125-129	0.0
1101	130-134	0.0
1101	135-139	0.0
1101	140-144	0.0
1101	145-149	0.0
1101	150-154	0.0
1101	155-159	0.0
1101	160-164	0.0
1101	165-169	0.0
1101	170-174	0.0
1101	175-179	0.0
1101	180-184	0.0
1101	185-189	0.0
1101	190-194	0.0
1101	195-199	0.0
1101	200-204	0.0
1101	205-209	0.0
1101	210-214	0.0
1101	215-219	0.0
1101	220-224	0.0
1101	225-229	0.0
1101	230-234	0.0
1101	235-239	0.0
1101	240-244	0.0
1101	245-249	0.0
1101	250	0.0
>>END_MODULE
>>Per sequence quality scores	warn
#Quality	Count
2	923.0
3	161.0
4	154.0
5	155.0
6	177.0
7	171.0
8	187.0
9	167.0
10	186.0
11	194.0
12	175.0
13	182.0
14	217.0
15	275.0
16	303.0
17	405.0
18	477.0
19	621.0
20	760.0
21	1018.0
22	1634.0
23	2102.0
24	2031.0
25	3274.0
26	2843.0
27	1052.0
28	155.0
29	1.0
>>END_MODULE
>>Per base sequence content	pass
#Base	G	A	T	C
1	18.910673201960588	27.093127938381517	30.56416925077523	23.432029608882665
2	19.88295318127251	31.717687074829932	24.90996398559424	23.48939575830332
3	17.917166866746697	31.447579031612644	30.322128851540615	20.31312525010004
4	20.50115034510353	29.523857157147145	29.928978693608084	20.046013804141243
5	21.084488019608823	31.734280426191784	29.048071632234507	18.133159921964882
6	21.466439931979593	32.11463439031709	28.07342202660798	18.345503651095328
7	20.097058234940963	31.443866319791873	30.278166900140086	18.180908545127075
8	19.084542271135568	30.105052526263133	31.960980490245124	18.84942471235618
9	20.473189275710286	28.9015606242497	31.017406962785117	19.607843137254903
10-14	20.518002020788106	29.814627704804874	29.73059493202349	19.93677534238353
15-19	20.31193725239105	29.67505702509104	30.10224498779463	19.91076073472328
20-24	20.607594430217667	29.3914052496799	29.790532970550576	20.210467349551855
25-29	20.431312141156702	29.756736751555408	29.462660291675835	20.349290815612058
30-34	20.491991876831964	29.8386370684567	29.413471253788977	20.255899800922357
35-39	20.611038304938926	29.52551495083082	29.595542261481977	20.26790448274827
40-44	20.82457930648098	29.384516877763772	29.329491566120414	20.461412249634833
45-49	20.610450284616693	29.376044178113027	29.45007453055753	20.56343100671275
50-54	20.60686095020859	29.55871024540552	29.42165131006333	20.412777494322558
55-59	20.331132452981194	29.64485794317727	29.69487795118047	20.329131652661065
60-64	20.576111099993994	30.014207672142955	29.097712764893043	20.311968462970004
65-69	20.555249862438096	30.04752138462308	29.209144114851682	20.18808463808714
70-74	20.734123014126215	29.6440433790868	29.047781023650405	20.574052583136577
75-79	20.57408129983692	29.723564546627845	29.220317955798343	20.482036197736893
80-84	20.830415207603803	29.538769384692348	29.218609304652325	20.412206103051524
85-89	20.79273294783809	29.69147041757538	28.999179655455293	20.516616979131236
90-94	20.776765079587406	29.357798165137616	28.966614308725102	20.89882244654988
95-99	20.70028319540483	29.526373197506278	29.004012768810476	20.769330838278414
100-104	20.64365699646749	29.508951355462376	28.921534289345434	20.925857358724695
105-109	20.80644354394917	29.544249337135426	29.221071589374155	20.428235529541247
110-114	20.77042373305318	29.411176146880784	28.9899444694582	20.828455650607836
115-119	20.420252151290775	29.63277966780068	29.242545527316388	20.704422653592154
120-124	20.595799185454254	29.465742047171606	29.040457106261197	20.898001661112943
125-129	20.356638948095224	29.6658761370118	29.215574434871368	20.761910480021616
130-134	20.415269925451543	29.454145194376345	29.2970430780007	20.833541802171414
135-139	20.664679165249407	29.446367474339226	29.131235118749878	20.7577182416615
140-144	20.350378693133496	29.703148605788954	29.1908873525498	20.75558534852775
145-149	20.792970939076135	29.651348971259306	28.9298294772236	20.625850612440956
150-154	20.655740985312363	29.707447872893905	28.974066514587587	20.66274462720615
155-159	20.708182418505995	29.560962919976784	29.169751665899586	20.561102995617635
160-164	20.84934357989113	29.522894652577648	29.065601985270572	20.562159782260647
165-169	20.833500100060036	29.57574544726836	28.916349809885933	20.67440464278567
170-174	20.980544747081712	29.513062812673706	28.48916064480267	21.017231795441912
175-179	20.66139683810286	29.633780268160898	28.83229937962778	20.872523514108465
180-184	20.866850762396446	29.462320406611436	28.708928642894303	20.96190018809781
185-189	20.930907199375795	29.433713125331355	28.782498224414056	20.85288145087879
190-194	21.163100133057213	29.24057344658203	28.611302860229898	20.985023560130855
195-199	21.07248261717773	29.111099994997748	28.537842028913012	21.27857535891151
200-204	21.473233490400872	28.972458157007512	28.362195744169995	21.19211260842162
205-209	21.397126505783007	28.857005642934325	28.11161804138152	21.63424980990115
210-214	21.886775674443935	28.070428954125585	27.977057234640906	22.06573813678957
215-219	22.295816782894935	27.695678709716148	27.989834612344545	22.018669895044376
220-224	22.673057295523225	27.50205127178851	26.74558226100182	23.079309171686447
225-229	24.1336187922686	27.363039737484495	25.891392212573532	22.611949257673373
230-234	21.549654107826882	27.338345434795038	25.748956606254648	25.363043851123436
235-239	24.2967409948542	26.779588336192113	25.5989136649514	23.324757004002286
240-244	24.256590610167553	26.198032824383827	26.123691885400586	23.421684680048035
245-249	22.65412643620658	28.458985775509866	25.87089565927927	23.015992129004285
250	21.22273364018411	30.62837702621573	24.484690814488694	23.66419851911147
>>END_MODULE
>>Per sequence GC content	warn
#GC Content	Count
0	2.0
1	1.3333333333333333
2	1.0
3	0.3333333333333333
4	0.3333333333333333
5	0.6666666666666666
6	0.3333333333333333
7	0.6666666666666666
8	0.6666666666666666
9	1.3333333333333333
10	1.0
11	0.3333333333333333
12	1.0
13	1.0
14	2.333333333333333
15	2.6666666666666665
16	3.0
17	5.666666666666665
18	7.666666666666663
19	9.666666666666666
20	13.33333333333334
21	19.333333333333332
22	32.66666666666662
23	51.000000000000085
24	68.33333333333344
25	98.99999999999967
26	119.99999999999937
27	149.66666666666654
28	184.66666666666754
29	229.66666666666882
30	256.6666666666695
31	286.0000000000012
32	319.66666666666595
33	362.6666666666635
34	393.3333333333284
35	395.99999999999494
36	418.6666666666603
37	441.9999999999923
38	451.66666666665844
39	434.6666666666594
40	417.6666666666604
41	415.9999999999938
42	381.99999999999574
43	342.3333333333313
44	327.3333333333322
45	295.6666666666673
46	309.3333333333332
47	295.0000000000007
48	271.6666666666687
49	256.6666666666695
50	232.00000000000222
51	208.66666666666822
52	217.0000000000018
53	188.00000000000097
54	151.99999999999994
55	130.666666666666
56	122.99999999999933
57	101.33333333333297
58	86.99999999999984
59	72.33333333333339
60	61.66666666666683
61	47.33333333333339
62	39.333333333333336
63	34.3333333333333
64	32.333333333333286
65	29.333333333333297
66	23.999999999999982
67	17.000000000000007
68	14.666666666666675
69	13.33333333333334
70	10.0
71	8.33333333333333
72	7.666666666666663
73	6.666666666666664
74	6.333333333333331
75	4.999999999999999
76	3.666666666666667
77	3.0
78	3.3333333333333335
79	3.3333333333333335
80	4.0
81	1.9999999999999998
82	4.333333333333333
83	1.9999999999999998
84	2.6666666666666665
85	2.6666666666666665
86	1.3333333333333333
87	0.6666666666666666
88	1.0
89	0.3333333333333333
90	0.6666666666666666
91	0.6666666666666666
92	0.0
93	0.6666666666666666
94	0.3333333333333333
95	0.0
96	0.0
97	0.3333333333333333
98	0.0
99	0.0
100	0.0
>>END_MODULE
>>Per base N content	fail
#Base	N-Count
1	0.03
2	0.04
3	0.04
4	0.03
5	0.045
6	0.03
7	0.06
8	0.05
9	0.04
10-14	0.039
15-19	0.044000000000000004
20-24	0.032
25-29	0.026
30-34	0.039
35-39	0.039
40-44	0.046
45-49	0.041
50-54	0.043
55-59	0.04
60-64	0.054
65-69	0.045
70-74	0.044000000000000004
75-79	0.049
80-84	0.05
85-89	0.042
90-94	0.047
95-99	0.06899999999999999
100-104	0.07100000000000001
105-109	0.055
110-114	0.055
115-119	0.06
120-124	0.067
125-129	0.067
130-134	0.065
135-139	0.042
140-144	0.051000000000000004
145-149	0.07200000000000001
150-154	0.052
155-159	0.054
160-164	0.064
165-169	0.06
170-174	10.05
175-179	0.06
180-184	0.052
185-189	0.033
190-194	0.043
195-199	0.045
200-204	0.043
205-209	0.052
210-214	10.037
215-219	0.053
220-224	0.062
225-229	0.044000000000000004
230-234	30.036
235-239	30.04
240-244	30.052
245-249	40.033
250	50.029999999999994
>>END_MODULE
>>Sequence Length Distribution	pass
#Length	Count
250	20000.0
>>END_MODULE
>>Sequence Duplication Levels	pass
#Total Deduplicated Percentage	99.97
#Duplication Level	Percentage of deduplicated	Percentage of total
1	99.96999099729919	99.94
2	0.030009002700810243	0.06
3	0.0	0.0
4	0.0	0.0
5	0.0	0.0
6	0.0	0.0
7	0.0	0.0
8	0.0	0.0
9	0.0	0.0
>10	0.0	0.0
>50	0.0	0.0
>100	0.0	0.0
>500	0.0	0.0
>1k	0.0	0.0
>5k	0.0	0.0
>10k+	0.0	0.0
>>END_MODULE
>>Overrepresented sequences	pass
>>END_MODULE
>>Adapter Content	pass
#Position	Illumina Universal Adapter	Illumina Small RNA 3' Adapter	Illumina Small RNA 5' Adapter	Nextera Transposase Sequence	SOLID Small RNA Adapter
1	0.0	0.0	0.0	0.0	0.0
2	0.0	0.0	0.0	0.0	0.0
3	0.0	0.0	0.0	0.0	0.0
4	0.0	0.0	0.0	0.0	0.0
5	0.0	0.0	0.0	0.0	0.0
6	0.0	0.0	0.0	0.0	0.0
7	0.0	0.0	0.0	0.0	0.0
8	0.0	0.0	0.0	0.0	0.0
9	0.0	0.0	0.0	0.0	0.0
10-14	0.0	0.0	0.0	0.0	0.0
15-19	0.0	0.0	0.0	0.0	0.0
20-24	0.0	0.0	0.0	0.0	0.0
25-29	0.0	0.0	0.0	0.0	0.0
30-34	0.0	0.0	0.0	0.0	0.0
35-39	0.0	0.0	0.0	0.0	0.0
40-44	0.0	0.0	0.0	0.0	0.0
45-49	0.0	0.0	0.0	0.0	0.0
50-54	0.0	0.0	0.0	0.0	0.0
55-59	0.0	0.0	0.0	0.0	0.0
60-64	0.002	0.0	0.0	0.0	0.0
65-69	0.005	0.0	0.0	0.0	0.0
70-74	0.006	0.0	0.0	0.0	0.0
75-79	0.011	0.0	0.0	0.0	0.0
80-84	0.015	0.0	0.0	0.0	0.0
85-89	0.02	0.0	0.0	0.0	0.0
90-94	0.027000000000000003	0.0	0.0	0.0	0.0
95-99	0.053000000000000005	0.0	0.0	0.0	0.0
100-104	0.08	0.0	0.0	0.0	0.0
105-109	0.10400000000000001	0.0	0.0	0.0	0.0
110-114	0.133	0.0	0.0	0.0	0.0
115-119	0.176	0.0	0.0	0.0	0.0
120-124	0.207	0.0	0.0	0.0	0.0
125-129	0.264	0.0	0.0	0.0	0.0
130-134	0.321	0.0	0.0	0.0	0.0
135-139	0.39799999999999996	0.0	0.0	0.0	0.0
140-144	0.512	0.0	0.0	0.0	0.0
145-149	0.652	0.0	0.0	0.0	0.0
150-154	0.7529999999999999	0.0	0.0	0.0	0.0
155-159	0.924	0.0	0.0	0.0	0.0
160-164	1.0939999999999999	0.0	0.0	0.0	0.0
165-169	1.229	0.0	0.0	0.0	0.0
170-174	1.359	0.0	0.0	0.0	0.0
175-179	1.577	0.0	0.0	0.0	0.0
180-184	1.8350000000000002	0.0	0.0	0.0	0.0
185-189	2.0780000000000003	0.0	0.0	0.0	0.0
190-194	2.323	0.0	0.0	0.0	0.0
195-199	2.605	0.0	0.0	0.0	0.0
200-204	2.8000000000000003	0.0	0.0	0.0	0.0
205-209	2.931	0.0	0.0	0.0	0.0
210-214	3.003	0.0	0.0	0.0	0.0
215-219	3.1160000000000005	0.0	0.0	0.0	0.0
220-224	3.162	0.0	0.0	0.0	0.0
225-229	3.17	0.0	0.0	0.0	0.0
230-234	3.1820000000000004	0.0	0.0	0.0	0.0
235-238	3.185	0.0	0.0	0.0	0.0
>>END_MODULE
>>Kmer Content	warn
#Sequence	Count	PValue	Obs/Exp Max	Max Obs/Exp Position
ATGCGCT	20	0.002602332	67.192505	230-234
ACATAAG	30	0.0052407775	29.86333	145-149
GGGGGGG	210	9.954416E-4	9.598928	100-104
>>END_MODULE
