##FastQC	0.11.5
>>Basic Statistics	pass
#Measure	Value
Filename	NA12878-20k_R2.trim.q30.fastq.gz
File type	Conventional base calls
Encoding	Sanger / Illumina 1.9
Total Sequences	20000
Sequences flagged as poor quality	0
Sequence length	0-181
%GC	39
>>END_MODULE
>>Per base sequence quality	pass
#Base	Mean	Median	Lower Quartile	Upper Quartile	10th Percentile	90th Percentile
1	28.873112627222906	29.0	29.0	29.0	28.0	29.0
2	29.24795884129292	29.0	29.0	30.0	28.0	30.0
3	27.743018635625944	28.0	27.0	29.0	26.0	29.0
4	30.226705467569534	30.0	30.0	31.0	29.0	32.0
5	31.282052716995913	31.0	31.0	32.0	30.0	32.0
6	32.03268961656871	32.0	32.0	33.0	30.0	33.0
7	33.039411073168004	33.0	33.0	34.0	32.0	34.0
8	32.66188742649118	33.0	32.0	34.0	31.0	34.0
9	32.91358924068366	33.0	32.0	34.0	32.0	34.0
10-14	32.42878144673823	32.8	32.0	33.4	31.0	33.8
15-19	31.989449514135693	32.0	31.2	33.0	31.0	33.0
20-24	32.161137423079424	32.4	32.0	33.0	31.0	33.2
25-29	32.3431242631021	33.0	32.0	33.0	31.0	34.0
30-34	32.33945424960751	32.8	32.0	33.0	31.0	34.0
35-39	32.42903918733879	33.0	32.0	33.0	31.0	34.0
40-44	32.64549419437069	33.0	32.0	34.0	31.0	34.0
45-49	32.72766208059119	33.0	32.0	34.0	31.2	34.0
50-54	32.81708429383693	33.0	32.0	34.0	31.6	34.0
55-59	32.93509825373598	33.0	32.6	34.0	31.8	34.0
60-64	33.13910506293164	33.6	33.0	34.0	32.0	34.6
65-69	33.358174340842446	34.0	33.0	34.2	32.0	35.0
70-74	33.68056009392198	34.0	33.0	35.0	32.0	35.2
75-79	33.64458312663277	34.2	33.4	35.2	31.2	35.8
80-84	34.51551406315521	35.0	34.0	36.0	32.0	36.6
85-89	34.94063802875507	36.0	34.8	36.8	32.0	37.0
90-94	34.987506681709675	35.8	34.8	36.8	31.8	37.0
95-99	35.240221688049346	36.0	34.8	37.0	32.2	37.6
100-104	35.2729857852612	35.8	34.6	37.0	32.2	37.8
105-109	35.317331871529476	36.0	34.8	37.0	32.6	37.8
110-114	35.338138251908056	36.0	34.6	37.0	32.4	38.0
115-119	35.13775395631875	36.0	34.4	37.0	32.0	38.0
120-124	35.04415687585748	36.0	34.0	37.0	31.8	37.6
125-129	35.068182718018605	36.0	34.0	37.0	31.8	37.2
130-134	34.80213125951689	36.0	33.6	37.0	31.4	37.0
135-139	34.69499740297221	36.0	33.4	36.6	31.4	37.0
140-144	34.44261854279817	35.8	33.0	36.0	30.8	37.0
145-149	34.0096631248788	35.0	32.6	36.0	30.2	37.0
150-154	33.6207535983958	34.6	32.2	35.6	30.2	36.4
155-159	33.3566971564048	34.0	32.0	35.0	30.4	36.0
160-164	32.428209667068984	32.8	31.0	34.0	29.8	34.8
165-169	31.821829070892267	32.0	31.0	33.0	30.0	34.2
170-174	31.239097190936302	31.2	30.2	32.2	29.8	32.6
175-179	30.507477898809885	30.0	30.0	31.0	30.0	31.666666666666668
180-181	30.333333333333336	NaN	NaN	NaN	NaN	NaN
>>END_MODULE
>>Per tile sequence quality	pass
#Tile	Base	Mean
1101	1	0.0
1101	2	0.0
1101	3	0.0
1101	4	0.0
1101	5	0.0
1101	6	0.0
1101	7	0.0
1101	8	0.0
1101	9	0.0
1101	10-14	0.0
1101	15-19	0.0
1101	20-24	0.0
1101	25-29	0.0
1101	30-34	0.0
1101	35-39	0.0
1101	40-44	0.0
1101	45-49	0.0
1101	50-54	0.0
1101	55-59	0.0
1101	60-64	0.0
1101	65-69	0.0
1101	70-74	0.0
1101	75-79	0.0
1101	80-84	0.0
1101	85-89	0.0
1101	90-94	0.0
1101	95-99	0.0
1101	100-104	0.0
1101	105-109	0.0
1101	110-114	0.0
1101	115-119	0.0
1101	120-124	0.0
1101	125-129	0.0
1101	130-134	0.0
1101	135-139	0.0
1101	140-144	0.0
1101	145-149	0.0
1101	150-154	0.0
1101	155-159	0.0
1101	160-164	0.0
1101	165-169	0.0
1101	170-174	0.0
1101	175-178	0.0
>>END_MODULE
>>Per sequence quality scores	pass
#Quality	Count
30	781.0
31	1444.0
32	2521.0
33	7731.0
34	5405.0
>>END_MODULE
>>Per base sequence content	pass
#Base	G	A	T	C
1	18.471088245162733	26.948887149088467	30.785147075271226	23.794877530477578
2	19.790851135219775	31.294038698132198	24.969242814002907	23.945867352645116
3	17.68985393698584	31.563042140019025	30.393418769936766	20.35368515305837
4	20.599921652023056	29.50920588729084	30.113604566567798	19.777267894118307
5	20.667077060831605	31.96597459287033	29.436454194414907	17.93049415188315
6	21.041141897565073	32.52169045619927	28.127623845507976	18.309543800727678
7	19.677545764989084	31.61842915523708	30.465207411968876	18.23881766780496
8	19.00308036964436	29.82917950154019	32.34388126575189	18.823858863063567
9	20.240963855421686	28.618660689268705	31.398150742504903	19.742224712804706
10-14	19.98651988317232	29.968546394068753	30.032576949000223	20.012356773758704
15-19	19.733456712106165	29.97652794077819	30.405344407330503	19.88467093978514
20-24	19.89185757847127	29.537390752349317	30.38303274878992	20.187718920389493
25-29	19.990431385057015	29.60347204027931	30.1001287206534	20.305967854010277
30-34	19.896889499914074	30.107120352867046	29.85621813599129	20.13977201122759
35-39	20.316948078142108	29.682475652624905	30.031694807814212	19.968881461418775
40-44	20.047284611640357	29.73483531511485	29.868113019493315	20.349767053751478
45-49	20.01141845128516	29.67049612005686	30.016545102882574	20.301540325775406
50-54	19.937964534441388	29.91279920407327	29.943231696611463	20.20600456487388
55-59	19.947960817556748	29.90957897711218	30.032024112272772	20.110436093058304
60-64	20.164316747759585	29.851665068485044	29.851665068485044	20.13235311527033
65-69	20.01978145071916	30.147645888199055	29.87714050788279	19.95543215319899
70-74	20.02231232456035	29.743768143758547	29.89011779947698	20.343801732204124
75-79	19.809839076016043	30.041559947808437	29.9980669791717	20.150533997003816
80-84	20.050810784528235	29.88597962706343	30.014829941895798	20.048379646512533
85-89	19.956889689042388	30.011879830008205	29.867362310320754	20.163868170628653
90-94	19.93209457373912	29.62281622322366	29.95987406630039	20.485215136736837
95-99	19.809651942098313	29.885143383910105	29.93746418516581	20.367740488825774
100-104	19.690187597445053	29.809384901674797	30.040738319167126	20.45968918171302
105-109	19.943467734780018	29.874640335644482	30.338559821530424	19.84333210804507
110-114	19.720025125950237	29.889625290038076	30.066532490673914	20.32381709333778
115-119	19.25079398136096	30.17259332535013	30.442026344561878	20.134586348727026
120-124	19.584392879847424	29.903051493960586	30.27786607332062	20.23468955287137
125-129	19.190528262659807	30.079786156899274	30.69269504407814	20.03699053636278
130-134	19.27146814404432	30.10387811634349	30.663434903047094	19.9612188365651
135-139	19.279016997045854	30.05522969559447	30.680309971314813	19.98544333604487
140-144	18.83757985495808	30.43497684392358	30.85938081694042	19.868062484177923
145-149	18.846414981131478	30.573318806941092	30.99016310612161	19.59010310580582
150-154	18.286105641640273	30.67203150415204	31.17883742830237	19.863025425905317
155-159	17.609870695417996	30.61099757434536	31.7034971446034	20.07563458563325
160-164	17.004962720794033	30.056212808994047	32.69986123197779	20.238963238234117
165-169	15.72084545550142	30.17631182305724	33.69203266851274	20.4108100529286
170-174	14.968914395026303	31.200382592061217	33.92635102821616	19.904351984696316
175-179	17.412333736396615	31.499395405078594	34.582829504232166	16.505441354292625
180-181	0.0	50.0	50.0	0.0
>>END_MODULE
>>Per sequence GC content	warn
#GC Content	Count
0	21.0
1	18.5
2	18.5
3	18.5
4	17.0
5	16.5
6	16.0
7	20.0
8	24.5
9	26.5
10	27.5
11	27.5
12	29.5
13	37.5
14	43.0
15	46.5
16	53.5
17	53.0
18	56.5
19	67.0
20	76.5
21	98.0
22	135.5
23	171.0
24	212.0
25	267.0
26	326.0
27	389.0
28	428.0
29	456.0
30	519.5
31	576.0
32	599.5
33	632.5
34	673.5
35	741.5
36	767.5
37	779.5
38	828.5
39	809.5
40	767.5
41	732.0
42	692.0
43	662.0
44	616.0
45	571.0
46	530.5
47	493.5
48	481.0
49	482.5
50	470.5
51	440.5
52	406.0
53	373.5
54	362.0
55	337.0
56	304.0
57	285.5
58	265.5
59	242.0
60	222.5
61	197.5
62	164.5
63	144.0
64	126.0
65	107.0
66	90.5
67	81.5
68	76.5
69	77.5
70	71.5
71	59.0
72	56.5
73	55.5
74	49.0
75	35.5
76	25.0
77	23.5
78	21.0
79	13.5
80	8.5
81	9.5
82	10.0
83	10.0
84	10.5
85	8.0
86	7.5
87	9.0
88	9.5
89	10.0
90	8.0
91	6.0
92	5.0
93	4.0
94	3.5
95	3.0
96	1.5
97	0.0
98	0.0
99	0.0
100	0.0
>>END_MODULE
>>Per base N content	pass
#Base	N-Count
1	0.0
2	0.0
3	0.0
4	0.0
5	0.0
6	0.0
7	0.0
8	0.0
9	0.0
10-14	0.0
15-19	0.0
20-24	0.0
25-29	0.0
30-34	0.0
35-39	0.0
40-44	0.001158923128628878
45-49	0.0
50-54	0.0
55-59	0.0
60-64	0.0011838242257789565
65-69	0.0
70-74	0.0011995729520290776
75-79	0.0
80-84	0.0
85-89	0.0
90-94	0.0
95-99	0.0
100-104	0.005029169181251257
105-109	0.0
110-114	0.0
115-119	0.0
120-124	0.0
125-129	0.0026999662504218697
130-134	0.0
135-139	0.001427103550633634
140-144	0.0
145-149	0.0
150-154	0.0
155-159	0.0
160-164	0.0
165-169	0.0
170-174	0.0
175-179	0.0
180-181	0.0
>>END_MODULE
>>Sequence Length Distribution	fail
#Length	Count
0-4	2131.0
5-9	31.0
10-14	86.0
15-19	73.0
20-24	86.0
25-29	87.0
30-34	111.0
35-39	99.0
40-44	91.0
45-49	86.0
50-54	91.0
55-59	90.0
60-64	107.0
65-69	116.0
70-74	125.0
75-79	90.0
80-84	111.0
85-89	148.0
90-94	118.0
95-99	162.0
100-104	132.0
105-109	146.0
110-114	216.0
115-119	243.0
120-124	296.0
125-129	324.0
130-134	409.0
135-139	520.0
140-144	673.0
145-149	851.0
150-154	1157.0
155-159	1549.0
160-164	2542.0
165-169	3678.0
170-174	2405.0
175-179	817.0
180-182	3.0
>>END_MODULE
>>Sequence Duplication Levels	pass
#Total Deduplicated Percentage	89.305
#Duplication Level	Percentage of deduplicated	Percentage of total
1	99.93841330272662	89.25
2	0.033592743967303065	0.06
3	0.011197581322434353	0.03
4	0.005598790661217177	0.02
5	0.0	0.0
6	0.0	0.0
7	0.0	0.0
8	0.0	0.0
9	0.0	0.0
>10	0.005598790661217177	0.05
>50	0.0	0.0
>100	0.0	0.0
>500	0.0	0.0
>1k	0.005598790661217177	10.59
>5k	0.0	0.0
>10k+	0.0	0.0
>>END_MODULE
>>Overrepresented sequences	fail
#Sequence	Count	Percentage	Possible Source
	2118	10.59	No Hit
>>END_MODULE
>>Adapter Content	pass
#Position	Illumina Universal Adapter	Illumina Small RNA 3' Adapter	Illumina Small RNA 5' Adapter	Nextera Transposase Sequence	SOLID Small RNA Adapter
1	0.0	0.0	0.0	0.0	0.0
2	0.0	0.0	0.0	0.0	0.0
3	0.0	0.0	0.0	0.0	0.0
4	0.0	0.0	0.0	0.0	0.0
5	0.0	0.0	0.0	0.0	0.0
6	0.0	0.0	0.0	0.0	0.0
7	0.0	0.0	0.0	0.0	0.0
8	0.0	0.0	0.0	0.0	0.0
9	0.0	0.0	0.0	0.0	0.0
10-14	0.0	0.0	0.0	0.0	0.0
15-19	0.0	0.0	0.0	0.0	0.0
20-24	0.0	0.0	0.0	0.0	0.0
25-29	0.0	0.0	0.0	0.0	0.0
30-34	0.0	0.0	0.0	0.0	0.0
35-39	0.0	0.0	0.0	0.0	0.0
40-44	0.0	0.0	0.0	0.0	0.0
45-49	0.0	0.0	0.0	0.0	0.0
50-54	0.0	0.0	0.0	0.0	0.0
55-59	0.0	0.0	0.0	0.0	0.0
60-64	0.0	0.0	0.0	0.0	0.0
65-69	0.0	0.0	0.0	0.0	0.0
70-74	0.001	0.0	0.0	0.0	0.0
75-79	0.005	0.0	0.0	0.0	0.0
80-84	0.005	0.0	0.0	0.0	0.0
85-89	0.01	0.0	0.0	0.0	0.0
90-94	0.014000000000000002	0.0	0.0	0.0	0.0
95-99	0.031	0.0	0.0	0.0	0.0
100-104	0.049	0.0	0.0	0.0	0.0
105-109	0.069	0.0	0.0	0.0	0.0
110-114	0.091	0.0	0.0	0.0	0.0
115-119	0.125	0.0	0.0	0.0	0.0
120-124	0.14900000000000002	0.0	0.0	0.0	0.0
125-129	0.19099999999999998	0.0	0.0	0.0	0.0
130-134	0.22999999999999998	0.0	0.0	0.0	0.0
135-139	0.28300000000000003	0.0	0.0	0.0	0.0
140-144	0.35	0.0	0.0	0.0	0.0
145-149	0.42000000000000004	0.0	0.0	0.0	0.0
150-154	0.45099999999999996	0.0	0.0	0.0	0.0
155-159	0.4789999999999999	0.0	0.0	0.0	0.0
160-164	0.49000000000000005	0.0	0.0	0.0	0.0
165-169	0.49000000000000005	0.0	0.0	0.0	0.0
>>END_MODULE
>>Kmer Content	warn
#Sequence	Count	PValue	Obs/Exp Max	Max Obs/Exp Position
GTATGCT	10	5.29825E-4	3640.2144	170-172
TAGCTGA	15	0.0011920283	2426.8093	170-172
ATTACCA	10	0.0013874917	2316.5	170-172
TTACCAA	15	0.0031214887	1544.3333	170-172
AGCTGAA	15	0.0031214887	1544.3333	170-172
TTTGCCA	25	0.0033107565	1456.0857	170-172
TATACAA	40	0.008473874	910.0536	170-172
AATTCTT	40	0.008473874	910.0536	170-172
TCTCTCT	75	0.0039714724	59.95647	165-169
TGCAGAA	65	0.009526651	17.516672	145-149
>>END_MODULE
